0.0004167 0 0 0 0 0 0 0 0 0 0 0 0 0 0 0 0 0
0 0.0004167 0 0 0 0 0 0 0 0 0 0 0 0 0 0 0 0
0 0 0.0004167 0 0 0 0 0 0 0 0 0 0 0 0 0 0 0
0 0 0 0.0004167 0 0 0 0 0 0 0 0 0 0 0 0 0 0
0 0 0 0 0.0004167 0 0 0 0 0 0 0 0 0 0 0 0 0
0 0 0 0 0 0.0004167 0 0 0 0 0 0 0 0 0 0 0 0
0 0 0 0 0 0 0.0004167 0 0 0 0 0 0 0 0 0 0 0
0 0 0 0 0 0 0 0.0004167 0 0 0 0 0 0 0 0 0 0
0 0 0 0 0 0 0 0 0.0004167 0 0 0 0 0 0 0 0 0
0 0 0 0 0 0 0 0 0 0.0004167 0 0 0 0 0 0 0 0
0 0 0 0 0 0 0 0 0 0 0.0004167 0 0 0 0 0 0 0
0 0 0 0 0 0 0 0 0 0 0 0.0004167 0 0 0 0 0 0
0 0 0 0 0 0 0 0 0 0 0 0 0.02 0 0 0 0 0
0 0 0 0 0 0 0 0 0 0 0 0 0 0.02 0 0 0 0
0 0 0 0 0 0 0 0 0 0 0 0 0 0 0.02 0 0 0
0 0 0 0 0 0 0 0 0 0 0 0 0 0 0 0.02 0 0
0 0 0 0 0 0 0 0 0 0 0 0 0 0 0 0 0.02 0
0 0 0 0 0 0 0 0 0 0 0 0 0 0 0 0 0 0.02