Angle 84.127277777777780 1 2 4
Angle 37.776361111111115 4 1 2
Angle 58.095583333333330 2 4 1
Angle 33.050888888888890 3 4 2
Angle 126.0321388888889 2 3 4
Angle 20.917305555555554 4 2 3
Angle 74.304666666666660 4 5 1
Angle 77.466416666666660 5 1 4
Angle 28.232833333333332 1 4 5
Angle 55.352750000000000 4 3 5
Angle 72.373833333333340 3 5 4
Angle 52.272416666666665 5 4 3
Distance 2463.94 4 1 0
Distance 3414.41 4 2 0
Distance 5216.16 4 3 0
Distance 6042.91 5 3 0
Distance 5085.08 5 1 0
Distance 5014.99 4 5 0